Dose,Response
1.2589254117941673,9.427569367187655
1.6812837894983077,5.409298807610611
2.245339679656855,7.258124769260519
2.9986313485755662,11.218593823786069
4.004645731836126,10.365895913825941
5.348169072244047,2.241010807239305
7.142432649639982,8.648426406190588
9.538655840070147,6.293142951321481
12.738790787182367,7.86531369718973
17.012542798525892,11.526453686495334
22.720100934767927,13.812729509126923
30.342494511212667,22.110382943948714
40.52213393797473,25.968579830401374
54.116952654646376,31.700760948755427
72.27271320676181,41.867311414357175
96.51957137350706,51.72604506160707
128.9010367090234,65.51285821412498
172.14619820847707,69.92434183147478
229.89973016685443,79.53853829576771
307.029062975785,82.39030970865937
410.03460701486017,82.02168817243825
547.5976030421944,95.01149686696988
731.3117715614899,97.97274827282622
976.6604241019572,94.72802917444562
1304.3213867190054,104.81367393530336
1741.9097138259683,94.33433694149642
2326.305067153626,99.28923283992226
3106.7599098338296,98.88724879647458
4149.0504721981515,104.24046692942797
5541.020330009492,104.17589088081421
7399.983804321429,100.31427057042603
9882.613136726324,101.03687140088562
13198.142724739586,97.27337015884797
17626.00326175454,94.01660388655678
23539.371975499856,98.92968944436507
31436.62376389412,100.45182665631948
41983.33390972487,103.67971355380091
56068.372335831176,103.59990915842039
74878.81698840545,98.8333345264038
100000.0,99.09005605771719
